# 这是机器人步态的数据，每四个为一个步态的四个角点，顺序分别为：左前，左后，右后，右前
  0.138832 0.0132808         0
  -0.114887 -0.0790581          0
 -0.0704279  -0.201219          0
  -0.114887 -0.0790581          0
 0.0704279  0.201219         0
 -0.183291   0.10888         0
  -0.138832 -0.0132808          0
 -0.183291   0.10888         0
  0.385865 0.0434842         0
    0.119966 -0.00339741           0
  0.142539 -0.131423         0
    0.119966 -0.00339741           0
 0.657461 0.281423     0.04
 0.391562 0.234541     0.04
 0.414135 0.106516     0.04
 0.391562 0.234541     0.04
  0.805865 0.0734842      0.04
  0.539966 0.0266026      0.04
  0.562539 -0.101423      0.04
  0.539966 0.0266026      0.04
   1.07612  0.381693 0.0750765
  0.822801  0.311817 0.0130396
  0.855479  0.186246 0.0210425
  0.822801  0.311817 0.0130396
  1.33583 0.213281  0.13868
   1.08939  0.120942 0.0783277
     1.13258 -0.00121931   0.0889033
   1.08939  0.120942 0.0783277
  1.40796  0.50993 0.156345
   1.17028  0.395831 0.0981363
  1.22364 0.278009 0.111204
   1.17028  0.395831 0.0981363
   1.5662 0.329819 0.195097
  1.33908 0.194828 0.139475
   1.40221 0.0822423  0.154936
  1.33908 0.194828 0.139475
  1.42567 0.580535 0.160682
  1.22477 0.406993 0.111481
  1.30593 0.307403 0.131357
  1.22477 0.406993 0.111481
  1.58229 0.447449 0.199038
  1.39684 0.256541 0.153621
  1.48612 0.164612 0.175486
  1.39684 0.256541 0.153621
   1.3893 0.591836 0.151776
  1.23887 0.370675 0.114934
  1.34229 0.296103 0.140263
  1.23887 0.370675 0.114934
   1.6151 0.605443 0.207074
  1.48396 0.371627 0.174957
   1.5933 0.306618 0.201736
  1.48396 0.371627 0.174957
  1.48702 0.933382     0.26
    1.352 0.699565     0.26
  1.46458 0.634557     0.26
    1.352 0.699565     0.26
  1.66542 0.935443     0.26
   1.5304 0.701627     0.26
  1.64298 0.636618     0.26
   1.5304 0.701627     0.26
    1.54 1.13184    0.26
  1.38512 0.910675     0.26
   1.4916 0.836103     0.26
  1.38512 0.910675     0.26
  1.68371 0.927449     0.26
  1.49278 0.736541     0.26
   1.5847 0.644612     0.26
  1.49278 0.736541     0.26
