# 这是机器人步态的数据，每四个为一个步态的四个角点，顺序分别为：左前，左后，右后，右前
  0.120038 0.00644087          0
-0.0960934 -0.0722182          0
-0.0516339  -0.194379          0
0.164497 -0.11572        0
0.0516339  0.194379         0
-0.164497   0.11572         0
  -0.120038 -0.00644087           0
0.0960934 0.0722182         0
 0.366169 0.0900115         0
 0.139663 0.0500753         0
0.162235 -0.07795        0
  0.388741 -0.0380138          0
0.637765  0.39795     0.04
0.411259 0.358014     0.04
0.433831 0.229989     0.04
0.660337 0.269925     0.04
0.786169 0.210011     0.04
0.559663 0.170075     0.04
0.582235  0.04205     0.04
 0.808741 0.0819862      0.04
  1.05735  0.516517 0.0704812
 0.841565  0.456993 0.0176349
 0.874244  0.331422 0.0256378
  1.09003  0.390946 0.0784841
 1.31757 0.356441 0.134209
  1.10765  0.277782 0.0827982
  1.15083  0.155621 0.0933738
 1.36076  0.23428 0.144785
 1.33097 0.577758  0.13749
   1.1375  0.462766 0.0901085
 1.20063  0.35018 0.105569
  1.3941 0.465173 0.152951
 1.53949 0.425234 0.188558
1.35649 0.29332 0.14374
 1.42891 0.186827 0.161476
 1.61191 0.318741 0.206293
 1.40015 0.571246 0.154431
 1.24217 0.408621 0.115743
 1.33145 0.316692 0.137608
 1.48943 0.479317 0.176296
 1.60765 0.535905 0.205248
 1.46404 0.359725 0.170078
 1.56076 0.276156 0.193765
 1.70437 0.452337 0.228935
 1.47852 0.875453     0.26
 1.34659 0.687058     0.26
 1.45307 0.612485     0.26
 1.58501 0.800881     0.26
 1.67693 0.887515     0.26
 1.54499 0.699119     0.26
 1.65148 0.624547     0.26
 1.78341 0.812942     0.26
1.55116 1.12125    0.26
 1.38852 0.958621     0.26
 1.48044 0.866692     0.26
1.64308 1.02932    0.26
 1.66956 0.933308     0.26
 1.50692 0.770683     0.26
 1.59884 0.678754     0.26
 1.76148 0.841379     0.26
